       1       1     4.0000040
       1       2    -0.0040000
       1     433     2.0000020
       1     434    -0.0020000
       1     481     2.0000020
       1     482    -0.0020000
       2       2     4.0000040
       2     433    -0.0020000
       2     434     2.0000020
       2     481    -0.0020000
       2     482     2.0000020
       3       3     4.0000040
       3       4    -0.0040000
       3     431     2.0000020
       3     432    -0.0020000
       3     481     2.0000020
       3     482    -0.0020000
       4       4     4.0000040
       4     431    -0.0020000
       4     432     2.0000020
       4     481    -0.0020000
       4     482     2.0000020
       5       5     4.0000040
       5       6    -0.0040000
       5     457     2.0000020
       5     458    -0.0020000
       5     481     2.0000020
       5     482    -0.0020000
       6       6     4.0000040
       6     457    -0.0020000
       6     458     2.0000020
       6     481    -0.0020000
       6     482     2.0000020
       7       7     4.0000040
       7       8    -0.0040000
       7     451     2.0000020
       7     452    -0.0020000
       7     483     2.0000020
       7     484    -0.0020000
       8       8     4.0000040
       8     451    -0.0020000
       8     452     2.0000020
       8     483    -0.0020000
       8     484     2.0000020
       9       9     4.0000040
       9      10    -0.0040000
       9     413     2.0000020
       9     414    -0.0020000
       9     483     2.0000020
       9     484    -0.0020000
      10      10     4.0000040
      10     413    -0.0020000
      10     414     2.0000020
      10     483    -0.0020000
      10     484     2.0000020
      11      11     4.0000040
      11      12    -0.0040000
      11     417     2.0000020
      11     418    -0.0020000
      11     483     2.0000020
      11     484    -0.0020000
      12      12     4.0000040
      12     417    -0.0020000
      12     418     2.0000020
      12     483    -0.0020000
      12     484     2.0000020
      13      13     4.0000040
      13      14    -0.0040000
      13     443     2.0000020
      13     444    -0.0020000
      14      14     4.0000040
      14     443    -0.0020000
      14     444     2.0000020
      15      15     4.0000040
      15      16    -0.0040000
      15     449     2.0000020
      15     450    -0.0020000
      15     483     2.0000020
      15     484    -0.0020000
      16      16     4.0000040
      16     449    -0.0020000
      16     450     2.0000020
      16     483    -0.0020000
      16     484     2.0000020
      17      17     4.0000040
      17      18    -0.0040000
      17     471     2.0000020
      17     472    -0.0020000
      17     483     2.0000020
      17     484    -0.0020000
      18      18     4.0000040
      18     471    -0.0020000
      18     472     2.0000020
      18     483    -0.0020000
      18     484     2.0000020
      19      19     4.0000040
      19      20    -0.0040000
      19     465     2.0000020
      19     466    -0.0020000
      19     483     2.0000020
      19     484    -0.0020000
      20      20     4.0000040
      20     465    -0.0020000
      20     466     2.0000020
      20     483    -0.0020000
      20     484     2.0000020
      21      21     4.0000040
      21      22    -0.0040000
      21     469     2.0000020
      21     470    -0.0020000
      22      22     4.0000040
      22     469    -0.0020000
      22     470     2.0000020
      23      23     4.0000040
      23      24    -0.0040000
      23     421     2.0000020
      23     422    -0.0020000
      23     483     2.0000020
      23     484    -0.0020000
      24      24     4.0000040
      24     421    -0.0020000
      24     422     2.0000020
      24     483    -0.0020000
      24     484     2.0000020
      25      25     4.0000040
      25      26    -0.0040000
      25     439     2.0000020
      25     440    -0.0020000
      25     483     2.0000020
      25     484    -0.0020000
      26      26     4.0000040
      26     439    -0.0020000
      26     440     2.0000020
      26     483    -0.0020000
      26     484     2.0000020
      27      27     4.0000040
      27      28    -0.0040000
      27     461     2.0000020
      27     462    -0.0020000
      27     483     2.0000020
      27     484    -0.0020000
      28      28     4.0000040
      28     461    -0.0020000
      28     462     2.0000020
      28     483    -0.0020000
      28     484     2.0000020
      29      29     4.0000040
      29      30    -0.0040000
      29     459     2.0000020
      29     460    -0.0020000
      29     483     2.0000020
      29     484    -0.0020000
      30      30     4.0000040
      30     459    -0.0020000
      30     460     2.0000020
      30     483    -0.0020000
      30     484     2.0000020
      31      31     4.0000040
      31      32    -0.0040000
      31     425     2.0000020
      31     426    -0.0020000
      31     483     2.0000020
      31     484    -0.0020000
      32      32     4.0000040
      32     425    -0.0020000
      32     426     2.0000020
      32     483    -0.0020000
      32     484     2.0000020
      33      33     4.0000040
      33      34    -0.0040000
      33     435     2.0000020
      33     436    -0.0020000
      33     483     2.0000020
      33     484    -0.0020000
      34      34     4.0000040
      34     435    -0.0020000
      34     436     2.0000020
      34     483    -0.0020000
      34     484     2.0000020
      35      35     4.0000040
      35      36    -0.0040000
      35     417     2.0000020
      35     418    -0.0020000
      35     483     2.0000020
      35     484    -0.0020000
      36      36     4.0000040
      36     417    -0.0020000
      36     418     2.0000020
      36     483    -0.0020000
      36     484     2.0000020
      37      37     4.0000040
      37      38    -0.0040000
      37     441     2.0000020
      37     442    -0.0020000
      37     483     2.0000020
      37     484    -0.0020000
      38      38     4.0000040
      38     441    -0.0020000
      38     442     2.0000020
      38     483    -0.0020000
      38     484     2.0000020
      39      39     4.0000040
      39      40    -0.0040000
      39     447     2.0000020
      39     448    -0.0020000
      39     483     2.0000020
      39     484    -0.0020000
      40      40     4.0000040
      40     447    -0.0020000
      40     448     2.0000020
      40     483    -0.0020000
      40     484     2.0000020
      41      41     4.0000040
      41      42    -0.0040000
      41     387     2.0000020
      41     388    -0.0020000
      41     483     2.0000020
      41     484    -0.0020000
      42      42     4.0000040
      42     387    -0.0020000
      42     388     2.0000020
      42     483    -0.0020000
      42     484     2.0000020
      43      43     4.0000040
      43      44    -0.0040000
      43     421     2.0000020
      43     422    -0.0020000
      43     483     2.0000020
      43     484    -0.0020000
      44      44     4.0000040
      44     421    -0.0020000
      44     422     2.0000020
      44     483    -0.0020000
      44     484     2.0000020
      45      45     4.0000040
      45      46    -0.0040000
      45     469     2.0000020
      45     470    -0.0020000
      45     483     2.0000020
      45     484    -0.0020000
      46      46     4.0000040
      46     469    -0.0020000
      46     470     2.0000020
      46     483    -0.0020000
      46     484     2.0000020
      47      47     4.0000040
      47      48    -0.0040000
      47     419     2.0000020
      47     420    -0.0020000
      48      48     4.0000040
      48     419    -0.0020000
      48     420     2.0000020
      49      49     4.0000040
      49      50    -0.0040000
      49     467     2.0000020
      49     468    -0.0020000
      49     483     2.0000020
      49     484    -0.0020000
      50      50     4.0000040
      50     467    -0.0020000
      50     468     2.0000020
      50     483    -0.0020000
      50     484     2.0000020
      51      51     4.0000040
      51      52    -0.0040000
      51     461     2.0000020
      51     462    -0.0020000
      51     483     2.0000020
      51     484    -0.0020000
      52      52     4.0000040
      52     461    -0.0020000
      52     462     2.0000020
      52     483    -0.0020000
      52     484     2.0000020
      53      53     4.0000040
      53      54    -0.0040000
      53     381     2.0000020
      53     382    -0.0020000
      53     483     2.0000020
      53     484    -0.0020000
      54      54     4.0000040
      54     381    -0.0020000
      54     382     2.0000020
      54     483    -0.0020000
      54     484     2.0000020
      55      55     4.0000040
      55      56    -0.0040000
      55     389     2.0000020
      55     390    -0.0020000
      55     483     2.0000020
      55     484    -0.0020000
      56      56     4.0000040
      56     389    -0.0020000
      56     390     2.0000020
      56     483    -0.0020000
      56     484     2.0000020
      57      57     4.0000040
      57      58    -0.0040000
      57     403     2.0000020
      57     404    -0.0020000
      57     483     2.0000020
      57     484    -0.0020000
      58      58     4.0000040
      58     403    -0.0020000
      58     404     2.0000020
      58     483    -0.0020000
      58     484     2.0000020
      59      59     4.0000040
      59      60    -0.0040000
      59     439     2.0000020
      59     440    -0.0020000
      59     483     2.0000020
      59     484    -0.0020000
      60      60     4.0000040
      60     439    -0.0020000
      60     440     2.0000020
      60     483    -0.0020000
      60     484     2.0000020
      61      61     4.0000040
      61      62    -0.0040000
      61     435     2.0000020
      61     436    -0.0020000
      61     483     2.0000020
      61     484    -0.0020000
      62      62     4.0000040
      62     435    -0.0020000
      62     436     2.0000020
      62     483    -0.0020000
      62     484     2.0000020
      63      63     4.0000040
      63      64    -0.0040000
      63     471     2.0000020
      63     472    -0.0020000
      63     483     2.0000020
      63     484    -0.0020000
      64      64     4.0000040
      64     471    -0.0020000
      64     472     2.0000020
      64     483    -0.0020000
      64     484     2.0000020
      65      65     4.0000040
      65      66    -0.0040000
      65     467     2.0000020
      65     468    -0.0020000
      65     483     2.0000020
      65     484    -0.0020000
      66      66     4.0000040
      66     467    -0.0020000
      66     468     2.0000020
      66     483    -0.0020000
      66     484     2.0000020
      67      67     6.0000060
      67      68    -0.0060000
      67     419     4.0000040
      67     420    -0.0040000
      67     483     2.0000020
      67     484    -0.0020000
      68      68     6.0000060
      68     419    -0.0040000
      68     420     4.0000040
      68     483    -0.0020000
      68     484     2.0000020
      69      69     6.0000060
      69      70    -0.0060000
      69     441     2.0000020
      69     442    -0.0020000
      69     443     2.0000020
      69     444    -0.0020000
      69     483     4.0000040
      69     484    -0.0040000
      70      70     6.0000060
      70     441    -0.0020000
      70     442     2.0000020
      70     443    -0.0020000
      70     444     2.0000020
      70     483    -0.0040000
      70     484     4.0000040
      71      71     4.0000040
      71      72    -0.0040000
      71     435     2.0000020
      71     436    -0.0020000
      71     483     2.0000020
      71     484    -0.0020000
      72      72     4.0000040
      72     435    -0.0020000
      72     436     2.0000020
      72     483    -0.0020000
      72     484     2.0000020
      73      73     4.0000040
      73      74    -0.0040000
      73     445     2.0000020
      73     446    -0.0020000
      73     483     2.0000020
      73     484    -0.0020000
      74      74     4.0000040
      74     445    -0.0020000
      74     446     2.0000020
      74     483    -0.0020000
      74     484     2.0000020
      75      75     6.0000060
      75      76    -0.0060000
      75     393     2.0000020
      75     394    -0.0020000
      75     395     2.0000020
      75     396    -0.0020000
      75     483     4.0000040
      75     484    -0.0040000
      76      76     6.0000060
      76     393    -0.0020000
      76     394     2.0000020
      76     395    -0.0020000
      76     396     2.0000020
      76     483    -0.0040000
      76     484     4.0000040
      77      77     4.0000040
      77      78    -0.0040000
      77     445     2.0000020
      77     446    -0.0020000
      77     483     2.0000020
      77     484    -0.0020000
      78      78     4.0000040
      78     445    -0.0020000
      78     446     2.0000020
      78     483    -0.0020000
      78     484     2.0000020
      79      79     4.0000040
      79      80    -0.0040000
      79     383     2.0000020
      79     384    -0.0020000
      79     483     2.0000020
      79     484    -0.0020000
      80      80     4.0000040
      80     383    -0.0020000
      80     384     2.0000020
      80     483    -0.0020000
      80     484     2.0000020
      81      81     4.0000040
      81      82    -0.0040000
      81     441     2.0000020
      81     442    -0.0020000
      81     483     2.0000020
      81     484    -0.0020000
      82      82     4.0000040
      82     441    -0.0020000
      82     442     2.0000020
      82     483    -0.0020000
      82     484     2.0000020
      83      83     4.0000040
      83      84    -0.0040000
      83     417     2.0000020
      83     418    -0.0020000
      83     483     2.0000020
      83     484    -0.0020000
      84      84     4.0000040
      84     417    -0.0020000
      84     418     2.0000020
      84     483    -0.0020000
      84     484     2.0000020
      85      85     4.0000040
      85      86    -0.0040000
      85     419     2.0000020
      85     420    -0.0020000
      85     483     2.0000020
      85     484    -0.0020000
      86      86     4.0000040
      86     419    -0.0020000
      86     420     2.0000020
      86     483    -0.0020000
      86     484     2.0000020
      87      87     4.0000040
      87      88    -0.0040000
      87     399     2.0000020
      87     400    -0.0020000
      87     483     2.0000020
      87     484    -0.0020000
      88      88     4.0000040
      88     399    -0.0020000
      88     400     2.0000020
      88     483    -0.0020000
      88     484     2.0000020
      89      89     4.0000040
      89      90    -0.0040000
      89     443     2.0000020
      89     444    -0.0020000
      89     483     2.0000020
      89     484    -0.0020000
      90      90     4.0000040
      90     443    -0.0020000
      90     444     2.0000020
      90     483    -0.0020000
      90     484     2.0000020
      91      91     4.0000040
      91      92    -0.0040000
      91     465     2.0000020
      91     466    -0.0020000
      91     483     2.0000020
      91     484    -0.0020000
      92      92     4.0000040
      92     465    -0.0020000
      92     466     2.0000020
      92     483    -0.0020000
      92     484     2.0000020
      93      93     4.0000040
      93      94    -0.0040000
      93     421     2.0000020
      93     422    -0.0020000
      93     483     2.0000020
      93     484    -0.0020000
      94      94     4.0000040
      94     421    -0.0020000
      94     422     2.0000020
      94     483    -0.0020000
      94     484     2.0000020
      95      95     4.0000040
      95      96    -0.0040000
      95     405     2.0000020
      95     406    -0.0020000
      95     483     2.0000020
      95     484    -0.0020000
      96      96     4.0000040
      96     405    -0.0020000
      96     406     2.0000020
      96     483    -0.0020000
      96     484     2.0000020
      97      97     4.0000040
      97      98    -0.0040000
      97     423     2.0000020
      97     424    -0.0020000
      97     483     2.0000020
      97     484    -0.0020000
      98      98     4.0000040
      98     423    -0.0020000
      98     424     2.0000020
      98     483    -0.0020000
      98     484     2.0000020
      99      99     4.0000040
      99     100    -0.0040000
      99     467     2.0000020
      99     468    -0.0020000
      99     483     2.0000020
      99     484    -0.0020000
     100     100     4.0000040
     100     467    -0.0020000
     100     468     2.0000020
     100     483    -0.0020000
     100     484     2.0000020
     101     101     4.0000040
     101     102    -0.0040000
     101     467     2.0000020
     101     468    -0.0020000
     101     483     2.0000020
     101     484    -0.0020000
     102     102     4.0000040
     102     467    -0.0020000
     102     468     2.0000020
     102     483    -0.0020000
     102     484     2.0000020
     103     103     4.0000040
     103     104    -0.0040000
     103     381     2.0000020
     103     382    -0.0020000
     103     483     2.0000020
     103     484    -0.0020000
     104     104     4.0000040
     104     381    -0.0020000
     104     382     2.0000020
     104     483    -0.0020000
     104     484     2.0000020
     105     105     4.0000040
     105     106    -0.0040000
     105     411     2.0000020
     105     412    -0.0020000
     105     483     2.0000020
     105     484    -0.0020000
     106     106     4.0000040
     106     411    -0.0020000
     106     412     2.0000020
     106     483    -0.0020000
     106     484     2.0000020
     107     107     4.0000040
     107     108    -0.0040000
     107     475     2.0000020
     107     476    -0.0020000
     107     483     2.0000020
     107     484    -0.0020000
     108     108     4.0000040
     108     475    -0.0020000
     108     476     2.0000020
     108     483    -0.0020000
     108     484     2.0000020
     109     109     4.0000040
     109     110    -0.0040000
     109     455     2.0000020
     109     456    -0.0020000
     109     483     2.0000020
     109     484    -0.0020000
     110     110     4.0000040
     110     455    -0.0020000
     110     456     2.0000020
     110     483    -0.0020000
     110     484     2.0000020
     111     111     4.0000040
     111     112    -0.0040000
     111     469     2.0000020
     111     470    -0.0020000
     112     112     4.0000040
     112     469    -0.0020000
     112     470     2.0000020
     113     113     4.0000040
     113     114    -0.0040000
     113     467     2.0000020
     113     468    -0.0020000
     113     483     2.0000020
     113     484    -0.0020000
     114     114     4.0000040
     114     467    -0.0020000
     114     468     2.0000020
     114     483    -0.0020000
     114     484     2.0000020
     115     115     4.0000040
     115     116    -0.0040000
     115     437     2.0000020
     115     438    -0.0020000
     115     483     2.0000020
     115     484    -0.0020000
     116     116     4.0000040
     116     437    -0.0020000
     116     438     2.0000020
     116     483    -0.0020000
     116     484     2.0000020
     117     117     4.0000040
     117     118    -0.0040000
     117     445     2.0000020
     117     446    -0.0020000
     117     483     2.0000020
     117     484    -0.0020000
     118     118     4.0000040
     118     445    -0.0020000
     118     446     2.0000020
     118     483    -0.0020000
     118     484     2.0000020
     119     119     4.0000040
     119     120    -0.0040000
     119     385     2.0000020
     119     386    -0.0020000
     119     483     2.0000020
     119     484    -0.0020000
     120     120     4.0000040
     120     385    -0.0020000
     120     386     2.0000020
     120     483    -0.0020000
     120     484     2.0000020
     121     121     4.0000040
     121     122    -0.0040000
     121     455     2.0000020
     121     456    -0.0020000
     121     483     2.0000020
     121     484    -0.0020000
     122     122     4.0000040
     122     455    -0.0020000
     122     456     2.0000020
     122     483    -0.0020000
     122     484     2.0000020
     123     123     4.0000040
     123     124    -0.0040000
     123     465     2.0000020
     123     466    -0.0020000
     123     483     2.0000020
     123     484    -0.0020000
     124     124     4.0000040
     124     465    -0.0020000
     124     466     2.0000020
     124     483    -0.0020000
     124     484     2.0000020
     125     125     4.0000040
     125     126    -0.0040000
     125     467     2.0000020
     125     468    -0.0020000
     125     483     2.0000020
     125     484    -0.0020000
     126     126     4.0000040
     126     467    -0.0020000
     126     468     2.0000020
     126     483    -0.0020000
     126     484     2.0000020
     127     127     4.0000040
     127     128    -0.0040000
     127     445     2.0000020
     127     446    -0.0020000
     127     483     2.0000020
     127     484    -0.0020000
     128     128     4.0000040
     128     445    -0.0020000
     128     446     2.0000020
     128     483    -0.0020000
     128     484     2.0000020
     129     129     4.0000040
     129     130    -0.0040000
     129     441     2.0000020
     129     442    -0.0020000
     129     483     2.0000020
     129     484    -0.0020000
     130     130     4.0000040
     130     441    -0.0020000
     130     442     2.0000020
     130     483    -0.0020000
     130     484     2.0000020
     131     131     4.0000040
     131     132    -0.0040000
     131     473     2.0000020
     131     474    -0.0020000
     131     483     2.0000020
     131     484    -0.0020000
     132     132     4.0000040
     132     473    -0.0020000
     132     474     2.0000020
     132     483    -0.0020000
     132     484     2.0000020
     133     133     4.0000040
     133     134    -0.0040000
     133     451     2.0000020
     133     452    -0.0020000
     133     483     2.0000020
     133     484    -0.0020000
     134     134     4.0000040
     134     451    -0.0020000
     134     452     2.0000020
     134     483    -0.0020000
     134     484     2.0000020
     135     135     4.0000040
     135     136    -0.0040000
     135     413     2.0000020
     135     414    -0.0020000
     135     483     2.0000020
     135     484    -0.0020000
     136     136     4.0000040
     136     413    -0.0020000
     136     414     2.0000020
     136     483    -0.0020000
     136     484     2.0000020
     137     137     4.0000040
     137     138    -0.0040000
     137     403     2.0000020
     137     404    -0.0020000
     137     483     2.0000020
     137     484    -0.0020000
     138     138     4.0000040
     138     403    -0.0020000
     138     404     2.0000020
     138     483    -0.0020000
     138     484     2.0000020
     139     139     4.0000040
     139     140    -0.0040000
     139     413     2.0000020
     139     414    -0.0020000
     139     483     2.0000020
     139     484    -0.0020000
     140     140     4.0000040
     140     413    -0.0020000
     140     414     2.0000020
     140     483    -0.0020000
     140     484     2.0000020
     141     141     4.0000040
     141     142    -0.0040000
     141     441     2.0000020
     141     442    -0.0020000
     141     483     2.0000020
     141     484    -0.0020000
     142     142     4.0000040
     142     441    -0.0020000
     142     442     2.0000020
     142     483    -0.0020000
     142     484     2.0000020
     143     143     4.0000040
     143     144    -0.0040000
     143     449     2.0000020
     143     450    -0.0020000
     143     483     2.0000020
     143     484    -0.0020000
     144     144     4.0000040
     144     449    -0.0020000
     144     450     2.0000020
     144     483    -0.0020000
     144     484     2.0000020
     145     145     4.0000040
     145     146    -0.0040000
     145     439     2.0000020
     145     440    -0.0020000
     145     483     2.0000020
     145     484    -0.0020000
     146     146     4.0000040
     146     439    -0.0020000
     146     440     2.0000020
     146     483    -0.0020000
     146     484     2.0000020
     147     147     4.0000040
     147     148    -0.0040000
     147     425     2.0000020
     147     426    -0.0020000
     147     483     2.0000020
     147     484    -0.0020000
     148     148     4.0000040
     148     425    -0.0020000
     148     426     2.0000020
     148     483    -0.0020000
     148     484     2.0000020
     149     149     4.0000040
     149     150    -0.0040000
     149     459     2.0000020
     149     460    -0.0020000
     149     483     2.0000020
     149     484    -0.0020000
     150     150     4.0000040
     150     459    -0.0020000
     150     460     2.0000020
     150     483    -0.0020000
     150     484     2.0000020
     151     151     4.0000040
     151     152    -0.0040000
     151     457     2.0000020
     151     458    -0.0020000
     151     483     2.0000020
     151     484    -0.0020000
     152     152     4.0000040
     152     457    -0.0020000
     152     458     2.0000020
     152     483    -0.0020000
     152     484     2.0000020
     153     153     4.0000040
     153     154    -0.0040000
     153     469     2.0000020
     153     470    -0.0020000
     153     483     2.0000020
     153     484    -0.0020000
     154     154     4.0000040
     154     469    -0.0020000
     154     470     2.0000020
     154     483    -0.0020000
     154     484     2.0000020
     155     155     4.0000040
     155     156    -0.0040000
     155     415     2.0000020
     155     416    -0.0020000
     155     483     2.0000020
     155     484    -0.0020000
     156     156     4.0000040
     156     415    -0.0020000
     156     416     2.0000020
     156     483    -0.0020000
     156     484     2.0000020
     157     157     4.0000040
     157     158    -0.0040000
     157     449     2.0000020
     157     450    -0.0020000
     157     483     2.0000020
     157     484    -0.0020000
     158     158     4.0000040
     158     449    -0.0020000
     158     450     2.0000020
     158     483    -0.0020000
     158     484     2.0000020
     159     159     4.0000040
     159     160    -0.0040000
     159     465     2.0000020
     159     466    -0.0020000
     159     483     2.0000020
     159     484    -0.0020000
     160     160     4.0000040
     160     465    -0.0020000
     160     466     2.0000020
     160     483    -0.0020000
     160     484     2.0000020
     161     161     4.0000040
     161     162    -0.0040000
     161     469     2.0000020
     161     470    -0.0020000
     162     162     4.0000040
     162     469    -0.0020000
     162     470     2.0000020
     163     163     4.0000040
     163     164    -0.0040000
     163     441     2.0000020
     163     442    -0.0020000
     163     483     2.0000020
     163     484    -0.0020000
     164     164     4.0000040
     164     441    -0.0020000
     164     442     2.0000020
     164     483    -0.0020000
     164     484     2.0000020
     165     165     4.0000040
     165     166    -0.0040000
     165     411     2.0000020
     165     412    -0.0020000
     165     483     2.0000020
     165     484    -0.0020000
     166     166     4.0000040
     166     411    -0.0020000
     166     412     2.0000020
     166     483    -0.0020000
     166     484     2.0000020
     167     167     4.0000040
     167     168    -0.0040000
     167     457     2.0000020
     167     458    -0.0020000
     167     483     2.0000020
     167     484    -0.0020000
     168     168     4.0000040
     168     457    -0.0020000
     168     458     2.0000020
     168     483    -0.0020000
     168     484     2.0000020
     169     169     6.0000060
     169     170    -0.0060000
     169     445     4.0000040
     169     446    -0.0040000
     169     483     4.0000040
     169     484    -0.0040000
     170     170     6.0000060
     170     445    -0.0040000
     170     446     4.0000040
     170     483    -0.0040000
     170     484     4.0000040
     171     171     4.0000040
     171     172    -0.0040000
     171     417     2.0000020
     171     418    -0.0020000
     171     483     2.0000020
     171     484    -0.0020000
     172     172     4.0000040
     172     417    -0.0020000
     172     418     2.0000020
     172     483    -0.0020000
     172     484     2.0000020
     173     173     4.0000040
     173     174    -0.0040000
     173     447     2.0000020
     173     448    -0.0020000
     173     483     2.0000020
     173     484    -0.0020000
     174     174     4.0000040
     174     447    -0.0020000
     174     448     2.0000020
     174     483    -0.0020000
     174     484     2.0000020
     175     175     4.0000040
     175     176    -0.0040000
     175     447     2.0000020
     175     448    -0.0020000
     175     483     2.0000020
     175     484    -0.0020000
     176     176     4.0000040
     176     447    -0.0020000
     176     448     2.0000020
     176     483    -0.0020000
     176     484     2.0000020
     177     177     4.0000040
     177     178    -0.0040000
     177     477     2.0000020
     177     478    -0.0020000
     177     483     2.0000020
     177     484    -0.0020000
     178     178     4.0000040
     178     477    -0.0020000
     178     478     2.0000020
     178     483    -0.0020000
     178     484     2.0000020
     179     179     4.0000040
     179     180    -0.0040000
     179     437     2.0000020
     179     438    -0.0020000
     179     483     2.0000020
     179     484    -0.0020000
     180     180     4.0000040
     180     437    -0.0020000
     180     438     2.0000020
     180     483    -0.0020000
     180     484     2.0000020
     181     181     4.0000040
     181     182    -0.0040000
     181     451     2.0000020
     181     452    -0.0020000
     181     483     2.0000020
     181     484    -0.0020000
     182     182     4.0000040
     182     451    -0.0020000
     182     452     2.0000020
     182     483    -0.0020000
     182     484     2.0000020
     183     183     4.0000040
     183     184    -0.0040000
     183     451     2.0000020
     183     452    -0.0020000
     183     483     2.0000020
     183     484    -0.0020000
     184     184     4.0000040
     184     451    -0.0020000
     184     452     2.0000020
     184     483    -0.0020000
     184     484     2.0000020
     185     185     4.0000040
     185     186    -0.0040000
     185     449     2.0000020
     185     450    -0.0020000
     185     483     2.0000020
     185     484    -0.0020000
     186     186     4.0000040
     186     449    -0.0020000
     186     450     2.0000020
     186     483    -0.0020000
     186     484     2.0000020
     187     187     4.0000040
     187     188    -0.0040000
     187     469     2.0000020
     187     470    -0.0020000
     187     483     2.0000020
     187     484    -0.0020000
     188     188     4.0000040
     188     469    -0.0020000
     188     470     2.0000020
     188     483    -0.0020000
     188     484     2.0000020
     189     189     4.0000040
     189     190    -0.0040000
     189     415     2.0000020
     189     416    -0.0020000
     189     483     2.0000020
     189     484    -0.0020000
     190     190     4.0000040
     190     415    -0.0020000
     190     416     2.0000020
     190     483    -0.0020000
     190     484     2.0000020
     191     191     4.0000040
     191     192    -0.0040000
     191     437     2.0000020
     191     438    -0.0020000
     191     483     2.0000020
     191     484    -0.0020000
     192     192     4.0000040
     192     437    -0.0020000
     192     438     2.0000020
     192     483    -0.0020000
     192     484     2.0000020
     193     193     4.0000040
     193     194    -0.0040000
     193     445     2.0000020
     193     446    -0.0020000
     193     483     2.0000020
     193     484    -0.0020000
     194     194     4.0000040
     194     445    -0.0020000
     194     446     2.0000020
     194     483    -0.0020000
     194     484     2.0000020
     195     195     6.0000060
     195     196    -0.0060000
     195     407     2.0000020
     195     408    -0.0020000
     195     409     2.0000020
     195     410    -0.0020000
     195     483     4.0000040
     195     484    -0.0040000
     196     196     6.0000060
     196     407    -0.0020000
     196     408     2.0000020
     196     409    -0.0020000
     196     410     2.0000020
     196     483    -0.0040000
     196     484     4.0000040
     197     197     6.0000060
     197     198    -0.0060000
     197     451     2.0000020
     197     452    -0.0020000
     197     453     2.0000020
     197     454    -0.0020000
     197     483     4.0000040
     197     484    -0.0040000
     198     198     6.0000060
     198     451    -0.0020000
     198     452     2.0000020
     198     453    -0.0020000
     198     454     2.0000020
     198     483    -0.0040000
     198     484     4.0000040
     199     199     6.0000060
     199     200    -0.0060000
     199     395     2.0000020
     199     396    -0.0020000
     199     397     2.0000020
     199     398    -0.0020000
     199     483     4.0000040
     199     484    -0.0040000
     200     200     6.0000060
     200     395    -0.0020000
     200     396     2.0000020
     200     397    -0.0020000
     200     398     2.0000020
     200     483    -0.0040000
     200     484     4.0000040
     201     201     4.0000040
     201     202    -0.0040000
     201     413     2.0000020
     201     414    -0.0020000
     201     483     2.0000020
     201     484    -0.0020000
     202     202     4.0000040
     202     413    -0.0020000
     202     414     2.0000020
     202     483    -0.0020000
     202     484     2.0000020
     203     203     4.0000040
     203     204    -0.0040000
     203     397     2.0000020
     203     398    -0.0020000
     203     483     2.0000020
     203     484    -0.0020000
     204     204     4.0000040
     204     397    -0.0020000
     204     398     2.0000020
     204     483    -0.0020000
     204     484     2.0000020
     205     205     4.0000040
     205     206    -0.0040000
     205     403     2.0000020
     205     404    -0.0020000
     205     483     2.0000020
     205     484    -0.0020000
     206     206     4.0000040
     206     403    -0.0020000
     206     404     2.0000020
     206     483    -0.0020000
     206     484     2.0000020
     207     207     4.0000040
     207     208    -0.0040000
     207     429     2.0000020
     207     430    -0.0020000
     207     483     2.0000020
     207     484    -0.0020000
     208     208     4.0000040
     208     429    -0.0020000
     208     430     2.0000020
     208     483    -0.0020000
     208     484     2.0000020
     209     209     4.0000040
     209     210    -0.0040000
     209     439     2.0000020
     209     440    -0.0020000
     209     483     2.0000020
     209     484    -0.0020000
     210     210     4.0000040
     210     439    -0.0020000
     210     440     2.0000020
     210     483    -0.0020000
     210     484     2.0000020
     211     211     4.0000040
     211     212    -0.0040000
     211     437     2.0000020
     211     438    -0.0020000
     211     483     2.0000020
     211     484    -0.0020000
     212     212     4.0000040
     212     437    -0.0020000
     212     438     2.0000020
     212     483    -0.0020000
     212     484     2.0000020
     213     213     4.0000040
     213     214    -0.0040000
     213     465     2.0000020
     213     466    -0.0020000
     213     483     2.0000020
     213     484    -0.0020000
     214     214     4.0000040
     214     465    -0.0020000
     214     466     2.0000020
     214     483    -0.0020000
     214     484     2.0000020
     215     215     4.0000040
     215     216    -0.0040000
     215     435     2.0000020
     215     436    -0.0020000
     215     483     2.0000020
     215     484    -0.0020000
     216     216     4.0000040
     216     435    -0.0020000
     216     436     2.0000020
     216     483    -0.0020000
     216     484     2.0000020
     217     217     4.0000040
     217     218    -0.0040000
     217     449     2.0000020
     217     450    -0.0020000
     217     483     2.0000020
     217     484    -0.0020000
     218     218     4.0000040
     218     449    -0.0020000
     218     450     2.0000020
     218     483    -0.0020000
     218     484     2.0000020
     219     219     4.0000040
     219     220    -0.0040000
     219     439     2.0000020
     219     440    -0.0020000
     220     220     4.0000040
     220     439    -0.0020000
     220     440     2.0000020
     221     221     6.0000060
     221     222    -0.0060000
     221     427     4.0000040
     221     428    -0.0040000
     221     483     4.0000040
     221     484    -0.0040000
     222     222     6.0000060
     222     427    -0.0040000
     222     428     4.0000040
     222     483    -0.0040000
     222     484     4.0000040
     223     223     4.0000040
     223     224    -0.0040000
     223     439     2.0000020
     223     440    -0.0020000
     224     224     4.0000040
     224     439    -0.0020000
     224     440     2.0000020
     225     225     4.0000040
     225     226    -0.0040000
     225     461     2.0000020
     225     462    -0.0020000
     225     483     2.0000020
     225     484    -0.0020000
     226     226     4.0000040
     226     461    -0.0020000
     226     462     2.0000020
     226     483    -0.0020000
     226     484     2.0000020
     227     227     4.0000040
     227     228    -0.0040000
     227     471     2.0000020
     227     472    -0.0020000
     227     483     2.0000020
     227     484    -0.0020000
     228     228     4.0000040
     228     471    -0.0020000
     228     472     2.0000020
     228     483    -0.0020000
     228     484     2.0000020
     229     229     4.0000040
     229     230    -0.0040000
     229     389     2.0000020
     229     390    -0.0020000
     229     483     2.0000020
     229     484    -0.0020000
     230     230     4.0000040
     230     389    -0.0020000
     230     390     2.0000020
     230     483    -0.0020000
     230     484     2.0000020
     231     231     4.0000040
     231     232    -0.0040000
     231     461     2.0000020
     231     462    -0.0020000
     231     483     2.0000020
     231     484    -0.0020000
     232     232     4.0000040
     232     461    -0.0020000
     232     462     2.0000020
     232     483    -0.0020000
     232     484     2.0000020
     233     233     4.0000040
     233     234    -0.0040000
     233     441     2.0000020
     233     442    -0.0020000
     233     483     2.0000020
     233     484    -0.0020000
     234     234     4.0000040
     234     441    -0.0020000
     234     442     2.0000020
     234     483    -0.0020000
     234     484     2.0000020
     235     235     4.0000040
     235     236    -0.0040000
     235     399     2.0000020
     235     400    -0.0020000
     235     483     2.0000020
     235     484    -0.0020000
     236     236     4.0000040
     236     399    -0.0020000
     236     400     2.0000020
     236     483    -0.0020000
     236     484     2.0000020
     237     237     4.0000040
     237     238    -0.0040000
     237     471     2.0000020
     237     472    -0.0020000
     237     483     2.0000020
     237     484    -0.0020000
     238     238     4.0000040
     238     471    -0.0020000
     238     472     2.0000020
     238     483    -0.0020000
     238     484     2.0000020
     239     239     4.0000040
     239     240    -0.0040000
     239     401     2.0000020
     239     402    -0.0020000
     239     483     2.0000020
     239     484    -0.0020000
     240     240     4.0000040
     240     401    -0.0020000
     240     402     2.0000020
     240     483    -0.0020000
     240     484     2.0000020
     241     241     4.0000040
     241     242    -0.0040000
     241     425     2.0000020
     241     426    -0.0020000
     241     483     2.0000020
     241     484    -0.0020000
     242     242     4.0000040
     242     425    -0.0020000
     242     426     2.0000020
     242     483    -0.0020000
     242     484     2.0000020
     243     243     4.0000040
     243     244    -0.0040000
     243     447     2.0000020
     243     448    -0.0020000
     243     483     2.0000020
     243     484    -0.0020000
     244     244     4.0000040
     244     447    -0.0020000
     244     448     2.0000020
     244     483    -0.0020000
     244     484     2.0000020
     245     245     4.0000040
     245     246    -0.0040000
     245     463     2.0000020
     245     464    -0.0020000
     245     483     2.0000020
     245     484    -0.0020000
     246     246     4.0000040
     246     463    -0.0020000
     246     464     2.0000020
     246     483    -0.0020000
     246     484     2.0000020
     247     247     4.0000040
     247     248    -0.0040000
     247     407     2.0000020
     247     408    -0.0020000
     247     483     2.0000020
     247     484    -0.0020000
     248     248     4.0000040
     248     407    -0.0020000
     248     408     2.0000020
     248     483    -0.0020000
     248     484     2.0000020
     249     249     4.0000040
     249     250    -0.0040000
     249     463     2.0000020
     249     464    -0.0020000
     249     483     2.0000020
     249     484    -0.0020000
     250     250     4.0000040
     250     463    -0.0020000
     250     464     2.0000020
     250     483    -0.0020000
     250     484     2.0000020
     251     251     4.0000040
     251     252    -0.0040000
     251     463     2.0000020
     251     464    -0.0020000
     251     483     2.0000020
     251     484    -0.0020000
     252     252     4.0000040
     252     463    -0.0020000
     252     464     2.0000020
     252     483    -0.0020000
     252     484     2.0000020
     253     253     4.0000040
     253     254    -0.0040000
     253     449     2.0000020
     253     450    -0.0020000
     253     483     2.0000020
     253     484    -0.0020000
     254     254     4.0000040
     254     449    -0.0020000
     254     450     2.0000020
     254     483    -0.0020000
     254     484     2.0000020
     255     255     4.0000040
     255     256    -0.0040000
     255     473     2.0000020
     255     474    -0.0020000
     255     483     2.0000020
     255     484    -0.0020000
     256     256     4.0000040
     256     473    -0.0020000
     256     474     2.0000020
     256     483    -0.0020000
     256     484     2.0000020
     257     257     4.0000040
     257     258    -0.0040000
     257     409     2.0000020
     257     410    -0.0020000
     257     483     2.0000020
     257     484    -0.0020000
     258     258     4.0000040
     258     409    -0.0020000
     258     410     2.0000020
     258     483    -0.0020000
     258     484     2.0000020
     259     259     4.0000040
     259     260    -0.0040000
     259     413     2.0000020
     259     414    -0.0020000
     259     483     2.0000020
     259     484    -0.0020000
     260     260     4.0000040
     260     413    -0.0020000
     260     414     2.0000020
     260     483    -0.0020000
     260     484     2.0000020
     261     261     4.0000040
     261     262    -0.0040000
     261     391     2.0000020
     261     392    -0.0020000
     261     483     2.0000020
     261     484    -0.0020000
     262     262     4.0000040
     262     391    -0.0020000
     262     392     2.0000020
     262     483    -0.0020000
     262     484     2.0000020
     263     263     4.0000040
     263     264    -0.0040000
     263     399     2.0000020
     263     400    -0.0020000
     263     483     2.0000020
     263     484    -0.0020000
     264     264     4.0000040
     264     399    -0.0020000
     264     400     2.0000020
     264     483    -0.0020000
     264     484     2.0000020
     265     265     4.0000040
     265     266    -0.0040000
     265     453     2.0000020
     265     454    -0.0020000
     266     266     4.0000040
     266     453    -0.0020000
     266     454     2.0000020
     267     267     4.0000040
     267     268    -0.0040000
     267     475     2.0000020
     267     476    -0.0020000
     267     483     2.0000020
     267     484    -0.0020000
     268     268     4.0000040
     268     475    -0.0020000
     268     476     2.0000020
     268     483    -0.0020000
     268     484     2.0000020
     269     269     4.0000040
     269     270    -0.0040000
     269     455     2.0000020
     269     456    -0.0020000
     269     483     2.0000020
     269     484    -0.0020000
     270     270     4.0000040
     270     455    -0.0020000
     270     456     2.0000020
     270     483    -0.0020000
     270     484     2.0000020
     271     271     4.0000040
     271     272    -0.0040000
     271     423     2.0000020
     271     424    -0.0020000
     271     483     2.0000020
     271     484    -0.0020000
     272     272     4.0000040
     272     423    -0.0020000
     272     424     2.0000020
     272     483    -0.0020000
     272     484     2.0000020
     273     273     4.0000040
     273     274    -0.0040000
     273     437     2.0000020
     273     438    -0.0020000
     273     483     2.0000020
     273     484    -0.0020000
     274     274     4.0000040
     274     437    -0.0020000
     274     438     2.0000020
     274     483    -0.0020000
     274     484     2.0000020
     275     275     4.0000040
     275     276    -0.0040000
     275     409     2.0000020
     275     410    -0.0020000
     275     483     2.0000020
     275     484    -0.0020000
     276     276     4.0000040
     276     409    -0.0020000
     276     410     2.0000020
     276     483    -0.0020000
     276     484     2.0000020
     277     277     4.0000040
     277     278    -0.0040000
     277     419     2.0000020
     277     420    -0.0020000
     278     278     4.0000040
     278     419    -0.0020000
     278     420     2.0000020
     279     279     4.0000040
     279     280    -0.0040000
     279     453     2.0000020
     279     454    -0.0020000
     279     483     2.0000020
     279     484    -0.0020000
     280     280     4.0000040
     280     453    -0.0020000
     280     454     2.0000020
     280     483    -0.0020000
     280     484     2.0000020
     281     281     4.0000040
     281     282    -0.0040000
     281     417     2.0000020
     281     418    -0.0020000
     281     483     2.0000020
     281     484    -0.0020000
     282     282     4.0000040
     282     417    -0.0020000
     282     418     2.0000020
     282     483    -0.0020000
     282     484     2.0000020
     283     283     4.0000040
     283     284    -0.0040000
     283     433     2.0000020
     283     434    -0.0020000
     283     483     2.0000020
     283     484    -0.0020000
     284     284     4.0000040
     284     433    -0.0020000
     284     434     2.0000020
     284     483    -0.0020000
     284     484     2.0000020
     285     285     4.0000040
     285     286    -0.0040000
     285     453     2.0000020
     285     454    -0.0020000
     286     286     4.0000040
     286     453    -0.0020000
     286     454     2.0000020
     287     287     4.0000040
     287     288    -0.0040000
     287     423     2.0000020
     287     424    -0.0020000
     287     483     2.0000020
     287     484    -0.0020000
     288     288     4.0000040
     288     423    -0.0020000
     288     424     2.0000020
     288     483    -0.0020000
     288     484     2.0000020
     289     289     4.0000040
     289     290    -0.0040000
     289     455     2.0000020
     289     456    -0.0020000
     289     483     2.0000020
     289     484    -0.0020000
     290     290     4.0000040
     290     455    -0.0020000
     290     456     2.0000020
     290     483    -0.0020000
     290     484     2.0000020
     291     291     4.0000040
     291     292    -0.0040000
     291     421     2.0000020
     291     422    -0.0020000
     291     483     2.0000020
     291     484    -0.0020000
     292     292     4.0000040
     292     421    -0.0020000
     292     422     2.0000020
     292     483    -0.0020000
     292     484     2.0000020
     293     293     4.0000040
     293     294    -0.0040000
     293     439     2.0000020
     293     440    -0.0020000
     293     483     2.0000020
     293     484    -0.0020000
     294     294     4.0000040
     294     439    -0.0020000
     294     440     2.0000020
     294     483    -0.0020000
     294     484     2.0000020
     295     295     4.0000040
     295     296    -0.0040000
     295     431     2.0000020
     295     432    -0.0020000
     296     296     4.0000040
     296     431    -0.0020000
     296     432     2.0000020
     297     297     6.0000060
     297     298    -0.0060000
     297     441     4.0000040
     297     442    -0.0040000
     297     483     4.0000040
     297     484    -0.0040000
     298     298     6.0000060
     298     441    -0.0040000
     298     442     4.0000040
     298     483    -0.0040000
     298     484     4.0000040
     299     299     4.0000040
     299     300    -0.0040000
     299     441     2.0000020
     299     442    -0.0020000
     299     483     2.0000020
     299     484    -0.0020000
     300     300     4.0000040
     300     441    -0.0020000
     300     442     2.0000020
     300     483    -0.0020000
     300     484     2.0000020
     301     301     4.0000040
     301     302    -0.0040000
     301     425     2.0000020
     301     426    -0.0020000
     301     483     2.0000020
     301     484    -0.0020000
     302     302     4.0000040
     302     425    -0.0020000
     302     426     2.0000020
     302     483    -0.0020000
     302     484     2.0000020
     303     303     4.0000040
     303     304    -0.0040000
     303     453     2.0000020
     303     454    -0.0020000
     303     483     2.0000020
     303     484    -0.0020000
     304     304     4.0000040
     304     453    -0.0020000
     304     454     2.0000020
     304     483    -0.0020000
     304     484     2.0000020
     305     305     4.0000040
     305     306    -0.0040000
     305     421     2.0000020
     305     422    -0.0020000
     305     483     2.0000020
     305     484    -0.0020000
     306     306     4.0000040
     306     421    -0.0020000
     306     422     2.0000020
     306     483    -0.0020000
     306     484     2.0000020
     307     307     4.0000040
     307     308    -0.0040000
     307     441     2.0000020
     307     442    -0.0020000
     307     483     2.0000020
     307     484    -0.0020000
     308     308     4.0000040
     308     441    -0.0020000
     308     442     2.0000020
     308     483    -0.0020000
     308     484     2.0000020
     309     309     4.0000040
     309     310    -0.0040000
     309     451     2.0000020
     309     452    -0.0020000
     309     483     2.0000020
     309     484    -0.0020000
     310     310     4.0000040
     310     451    -0.0020000
     310     452     2.0000020
     310     483    -0.0020000
     310     484     2.0000020
     311     311     4.0000040
     311     312    -0.0040000
     311     441     2.0000020
     311     442    -0.0020000
     312     312     4.0000040
     312     441    -0.0020000
     312     442     2.0000020
     313     313     4.0000040
     313     314    -0.0040000
     313     443     2.0000020
     313     444    -0.0020000
     313     483     2.0000020
     313     484    -0.0020000
     314     314     4.0000040
     314     443    -0.0020000
     314     444     2.0000020
     314     483    -0.0020000
     314     484     2.0000020
     315     315     4.0000040
     315     316    -0.0040000
     315     451     2.0000020
     315     452    -0.0020000
     315     483     2.0000020
     315     484    -0.0020000
     316     316     4.0000040
     316     451    -0.0020000
     316     452     2.0000020
     316     483    -0.0020000
     316     484     2.0000020
     317     317     4.0000040
     317     318    -0.0040000
     317     455     2.0000020
     317     456    -0.0020000
     317     483     2.0000020
     317     484    -0.0020000
     318     318     4.0000040
     318     455    -0.0020000
     318     456     2.0000020
     318     483    -0.0020000
     318     484     2.0000020
     319     319     4.0000040
     319     320    -0.0040000
     319     451     2.0000020
     319     452    -0.0020000
     319     483     2.0000020
     319     484    -0.0020000
     320     320     4.0000040
     320     451    -0.0020000
     320     452     2.0000020
     320     483    -0.0020000
     320     484     2.0000020
     321     321     4.0000040
     321     322    -0.0040000
     321     435     2.0000020
     321     436    -0.0020000
     321     483     2.0000020
     321     484    -0.0020000
     322     322     4.0000040
     322     435    -0.0020000
     322     436     2.0000020
     322     483    -0.0020000
     322     484     2.0000020
     323     323     4.0000040
     323     324    -0.0040000
     323     447     2.0000020
     323     448    -0.0020000
     323     483     2.0000020
     323     484    -0.0020000
     324     324     4.0000040
     324     447    -0.0020000
     324     448     2.0000020
     324     483    -0.0020000
     324     484     2.0000020
     325     325     4.0000040
     325     326    -0.0040000
     325     457     2.0000020
     325     458    -0.0020000
     325     483     2.0000020
     325     484    -0.0020000
     326     326     4.0000040
     326     457    -0.0020000
     326     458     2.0000020
     326     483    -0.0020000
     326     484     2.0000020
     327     327     4.0000040
     327     328    -0.0040000
     327     457     2.0000020
     327     458    -0.0020000
     327     483     2.0000020
     327     484    -0.0020000
     328     328     4.0000040
     328     457    -0.0020000
     328     458     2.0000020
     328     483    -0.0020000
     328     484     2.0000020
     329     329     4.0000040
     329     330    -0.0040000
     329     445     2.0000020
     329     446    -0.0020000
     329     483     2.0000020
     329     484    -0.0020000
     330     330     4.0000040
     330     445    -0.0020000
     330     446     2.0000020
     330     483    -0.0020000
     330     484     2.0000020
     331     331     4.0000040
     331     332    -0.0040000
     331     445     2.0000020
     331     446    -0.0020000
     331     483     2.0000020
     331     484    -0.0020000
     332     332     4.0000040
     332     445    -0.0020000
     332     446     2.0000020
     332     483    -0.0020000
     332     484     2.0000020
     333     333     4.0000040
     333     334    -0.0040000
     333     443     2.0000020
     333     444    -0.0020000
     333     483     2.0000020
     333     484    -0.0020000
     334     334     4.0000040
     334     443    -0.0020000
     334     444     2.0000020
     334     483    -0.0020000
     334     484     2.0000020
     335     335     4.0000040
     335     336    -0.0040000
     335     433     2.0000020
     335     434    -0.0020000
     335     483     2.0000020
     335     484    -0.0020000
     336     336     4.0000040
     336     433    -0.0020000
     336     434     2.0000020
     336     483    -0.0020000
     336     484     2.0000020
     337     337     4.0000040
     337     338    -0.0040000
     337     439     2.0000020
     337     440    -0.0020000
     338     338     4.0000040
     338     439    -0.0020000
     338     440     2.0000020
     339     339     4.0000040
     339     340    -0.0040000
     339     435     2.0000020
     339     436    -0.0020000
     339     483     2.0000020
     339     484    -0.0020000
     340     340     4.0000040
     340     435    -0.0020000
     340     436     2.0000020
     340     483    -0.0020000
     340     484     2.0000020
     341     341     4.0000040
     341     342    -0.0040000
     341     445     2.0000020
     341     446    -0.0020000
     341     483     2.0000020
     341     484    -0.0020000
     342     342     4.0000040
     342     445    -0.0020000
     342     446     2.0000020
     342     483    -0.0020000
     342     484     2.0000020
     343     343     4.0000040
     343     344    -0.0040000
     343     475     2.0000020
     343     476    -0.0020000
     343     483     2.0000020
     343     484    -0.0020000
     344     344     4.0000040
     344     475    -0.0020000
     344     476     2.0000020
     344     483    -0.0020000
     344     484     2.0000020
     345     345     4.0000040
     345     346    -0.0040000
     345     455     2.0000020
     345     456    -0.0020000
     345     483     2.0000020
     345     484    -0.0020000
     346     346     4.0000040
     346     455    -0.0020000
     346     456     2.0000020
     346     483    -0.0020000
     346     484     2.0000020
     347     347     4.0000040
     347     348    -0.0040000
     347     469     2.0000020
     347     470    -0.0020000
     347     483     2.0000020
     347     484    -0.0020000
     348     348     4.0000040
     348     469    -0.0020000
     348     470     2.0000020
     348     483    -0.0020000
     348     484     2.0000020
     349     349     4.0000040
     349     350    -0.0040000
     349     445     2.0000020
     349     446    -0.0020000
     349     483     2.0000020
     349     484    -0.0020000
     350     350     4.0000040
     350     445    -0.0020000
     350     446     2.0000020
     350     483    -0.0020000
     350     484     2.0000020
     351     351     4.0000040
     351     352    -0.0040000
     351     463     2.0000020
     351     464    -0.0020000
     351     483     2.0000020
     351     484    -0.0020000
     352     352     4.0000040
     352     463    -0.0020000
     352     464     2.0000020
     352     483    -0.0020000
     352     484     2.0000020
     353     353     4.0000040
     353     354    -0.0040000
     353     455     2.0000020
     353     456    -0.0020000
     353     483     2.0000020
     353     484    -0.0020000
     354     354     4.0000040
     354     455    -0.0020000
     354     456     2.0000020
     354     483    -0.0020000
     354     484     2.0000020
     355     355     4.0000040
     355     356    -0.0040000
     355     457     2.0000020
     355     458    -0.0020000
     355     483     2.0000020
     355     484    -0.0020000
     356     356     4.0000040
     356     457    -0.0020000
     356     458     2.0000020
     356     483    -0.0020000
     356     484     2.0000020
     357     357     4.0000040
     357     358    -0.0040000
     357     455     2.0000020
     357     456    -0.0020000
     357     483     2.0000020
     357     484    -0.0020000
     358     358     4.0000040
     358     455    -0.0020000
     358     456     2.0000020
     358     483    -0.0020000
     358     484     2.0000020
     359     359     4.0000040
     359     360    -0.0040000
     359     439     2.0000020
     359     440    -0.0020000
     359     483     2.0000020
     359     484    -0.0020000
     360     360     4.0000040
     360     439    -0.0020000
     360     440     2.0000020
     360     483    -0.0020000
     360     484     2.0000020
     361     361     4.0000040
     361     362    -0.0040000
     361     461     2.0000020
     361     462    -0.0020000
     361     483     2.0000020
     361     484    -0.0020000
     362     362     4.0000040
     362     461    -0.0020000
     362     462     2.0000020
     362     483    -0.0020000
     362     484     2.0000020
     363     363     4.0000040
     363     364    -0.0040000
     363     459     2.0000020
     363     460    -0.0020000
     363     483     2.0000020
     363     484    -0.0020000
     364     364     4.0000040
     364     459    -0.0020000
     364     460     2.0000020
     364     483    -0.0020000
     364     484     2.0000020
     365     365     4.0000040
     365     366    -0.0040000
     365     467     2.0000020
     365     468    -0.0020000
     365     483     2.0000020
     365     484    -0.0020000
     366     366     4.0000040
     366     467    -0.0020000
     366     468     2.0000020
     366     483    -0.0020000
     366     484     2.0000020
     367     367     4.0000040
     367     368    -0.0040000
     367     449     2.0000020
     367     450    -0.0020000
     367     483     2.0000020
     367     484    -0.0020000
     368     368     4.0000040
     368     449    -0.0020000
     368     450     2.0000020
     368     483    -0.0020000
     368     484     2.0000020
     369     369     4.0000040
     369     370    -0.0040000
     369     455     2.0000020
     369     456    -0.0020000
     369     483     2.0000020
     369     484    -0.0020000
     370     370     4.0000040
     370     455    -0.0020000
     370     456     2.0000020
     370     483    -0.0020000
     370     484     2.0000020
     371     371     4.0000040
     371     372    -0.0040000
     371     445     2.0000020
     371     446    -0.0020000
     371     483     2.0000020
     371     484    -0.0020000
     372     372     4.0000040
     372     445    -0.0020000
     372     446     2.0000020
     372     483    -0.0020000
     372     484     2.0000020
     373     373     4.0000040
     373     374    -0.0040000
     373     443     2.0000020
     373     444    -0.0020000
     373     483     2.0000020
     373     484    -0.0020000
     374     374     4.0000040
     374     443    -0.0020000
     374     444     2.0000020
     374     483    -0.0020000
     374     484     2.0000020
     375     375     6.0000060
     375     376    -0.0060000
     375     441     2.0000020
     375     442    -0.0020000
     375     443     2.0000020
     375     444    -0.0020000
     375     483     4.0000040
     375     484    -0.0040000
     376     376     6.0000060
     376     441    -0.0020000
     376     442     2.0000020
     376     443    -0.0020000
     376     444     2.0000020
     376     483    -0.0040000
     376     484     4.0000040
     377     377     4.0000040
     377     378    -0.0040000
     377     447     2.0000020
     377     448    -0.0020000
     377     483     2.0000020
     377     484    -0.0020000
     378     378     4.0000040
     378     447    -0.0020000
     378     448     2.0000020
     378     483    -0.0020000
     378     484     2.0000020
     379     379     4.0000040
     379     380    -0.0040000
     379     439     2.0000020
     379     440    -0.0020000
     380     380     4.0000040
     380     439    -0.0020000
     380     440     2.0000020
     381     381     4.0000040
     381     382    -0.0040000
     381     483     4.0000040
     381     484    -0.0040000
     382     382     4.0000040
     382     483    -0.0040000
     382     484     4.0000040
     383     383     2.0000020
     383     384    -0.0020000
     383     483     2.0000020
     383     484    -0.0020000
     384     384     2.0000020
     384     483    -0.0020000
     384     484     2.0000020
     385     385     2.0000020
     385     386    -0.0020000
     385     483     2.0000020
     385     484    -0.0020000
     386     386     2.0000020
     386     483    -0.0020000
     386     484     2.0000020
     387     387     2.0000020
     387     388    -0.0020000
     387     483     2.0000020
     387     484    -0.0020000
     388     388     2.0000020
     388     483    -0.0020000
     388     484     2.0000020
     389     389     4.0000040
     389     390    -0.0040000
     389     483     4.0000040
     389     484    -0.0040000
     390     390     4.0000040
     390     483    -0.0040000
     390     484     4.0000040
     391     391     2.0000020
     391     392    -0.0020000
     391     483     2.0000020
     391     484    -0.0020000
     392     392     2.0000020
     392     483    -0.0020000
     392     484     2.0000020
     393     393     2.0000020
     393     394    -0.0020000
     393     483     2.0000020
     393     484    -0.0020000
     394     394     2.0000020
     394     483    -0.0020000
     394     484     2.0000020
     395     395     4.0000040
     395     396    -0.0040000
     395     483     4.0000040
     395     484    -0.0040000
     396     396     4.0000040
     396     483    -0.0040000
     396     484     4.0000040
     397     397     4.0000040
     397     398    -0.0040000
     397     483     4.0000040
     397     484    -0.0040000
     398     398     4.0000040
     398     483    -0.0040000
     398     484     4.0000040
     399     399     6.0000060
     399     400    -0.0060000
     399     483     6.0000060
     399     484    -0.0060000
     400     400     6.0000060
     400     483    -0.0060000
     400     484     6.0000060
     401     401     2.0000020
     401     402    -0.0020000
     401     483     2.0000020
     401     484    -0.0020000
     402     402     2.0000020
     402     483    -0.0020000
     402     484     2.0000020
     403     403     6.0000060
     403     404    -0.0060000
     403     483     6.0000060
     403     484    -0.0060000
     404     404     6.0000060
     404     483    -0.0060000
     404     484     6.0000060
     405     405     2.0000020
     405     406    -0.0020000
     405     483     2.0000020
     405     484    -0.0020000
     406     406     2.0000020
     406     483    -0.0020000
     406     484     2.0000020
     407     407     4.0000040
     407     408    -0.0040000
     407     483     4.0000040
     407     484    -0.0040000
     408     408     4.0000040
     408     483    -0.0040000
     408     484     4.0000040
     409     409     6.0000060
     409     410    -0.0060000
     409     483     6.0000060
     409     484    -0.0060000
     410     410     6.0000060
     410     483    -0.0060000
     410     484     6.0000060
     411     411     4.0000040
     411     412    -0.0040000
     411     483     4.0000040
     411     484    -0.0040000
     412     412     4.0000040
     412     483    -0.0040000
     412     484     4.0000040
     413     413    10.0000100
     413     414    -0.0100000
     413     483    10.0000100
     413     484    -0.0100000
     414     414    10.0000100
     414     483    -0.0100000
     414     484    10.0000100
     415     415     4.0000040
     415     416    -0.0040000
     415     483     4.0000040
     415     484    -0.0040000
     416     416     4.0000040
     416     483    -0.0040000
     416     484     4.0000040
     417     417    10.0000100
     417     418    -0.0100000
     417     483    10.0000100
     417     484    -0.0100000
     418     418    10.0000100
     418     483    -0.0100000
     418     484    10.0000100
     419     419    10.0000100
     419     420    -0.0100000
     419     483     4.0000040
     419     484    -0.0040000
     420     420    10.0000100
     420     483    -0.0040000
     420     484     4.0000040
     421     421    10.0000100
     421     422    -0.0100000
     421     483    10.0000100
     421     484    -0.0100000
     422     422    10.0000100
     422     483    -0.0100000
     422     484    10.0000100
     423     423     6.0000060
     423     424    -0.0060000
     423     483     6.0000060
     423     484    -0.0060000
     424     424     6.0000060
     424     483    -0.0060000
     424     484     6.0000060
     425     425     8.0000080
     425     426    -0.0080000
     425     483     8.0000080
     425     484    -0.0080000
     426     426     8.0000080
     426     483    -0.0080000
     426     484     8.0000080
     427     427     4.0000040
     427     428    -0.0040000
     427     483     4.0000040
     427     484    -0.0040000
     428     428     4.0000040
     428     483    -0.0040000
     428     484     4.0000040
     429     429     2.0000020
     429     430    -0.0020000
     429     483     2.0000020
     429     484    -0.0020000
     430     430     2.0000020
     430     483    -0.0020000
     430     484     2.0000020
     431     431     4.0000040
     431     432    -0.0040000
     431     481     2.0000020
     431     482    -0.0020000
     432     432     4.0000040
     432     481    -0.0020000
     432     482     2.0000020
     433     433     6.0000060
     433     434    -0.0060000
     433     481     2.0000020
     433     482    -0.0020000
     433     483     4.0000040
     433     484    -0.0040000
     434     434     6.0000060
     434     481    -0.0020000
     434     482     2.0000020
     434     483    -0.0040000
     434     484     4.0000040
     435     435    12.0000120
     435     436    -0.0120000
     435     483    12.0000120
     435     484    -0.0120000
     436     436    12.0000120
     436     483    -0.0120000
     436     484    12.0000120
     437     437    10.0000100
     437     438    -0.0100000
     437     483    10.0000100
     437     484    -0.0100000
     438     438    10.0000100
     438     483    -0.0100000
     438     484    10.0000100
     439     439    20.0000200
     439     440    -0.0200000
     439     483    12.0000120
     439     484    -0.0120000
     440     440    20.0000200
     440     483    -0.0120000
     440     484    12.0000120
     441     441    26.0000260
     441     442    -0.0260000
     441     483    24.0000240
     441     484    -0.0240000
     442     442    26.0000260
     442     483    -0.0240000
     442     484    24.0000240
     443     443    14.0000140
     443     444    -0.0140000
     443     483    12.0000120
     443     484    -0.0120000
     444     444    14.0000140
     444     483    -0.0120000
     444     484    12.0000120
     445     445    24.0000240
     445     446    -0.0240000
     445     483    24.0000240
     445     484    -0.0240000
     446     446    24.0000240
     446     483    -0.0240000
     446     484    24.0000240
     447     447    12.0000120
     447     448    -0.0120000
     447     483    12.0000120
     447     484    -0.0120000
     448     448    12.0000120
     448     483    -0.0120000
     448     484    12.0000120
     449     449    14.0000140
     449     450    -0.0140000
     449     483    14.0000140
     449     484    -0.0140000
     450     450    14.0000140
     450     483    -0.0140000
     450     484    14.0000140
     451     451    16.0000160
     451     452    -0.0160000
     451     483    16.0000160
     451     484    -0.0160000
     452     452    16.0000160
     452     483    -0.0160000
     452     484    16.0000160
     453     453    10.0000100
     453     454    -0.0100000
     453     483     6.0000060
     453     484    -0.0060000
     454     454    10.0000100
     454     483    -0.0060000
     454     484     6.0000060
     455     455    18.0000180
     455     456    -0.0180000
     455     483    18.0000180
     455     484    -0.0180000
     456     456    18.0000180
     456     483    -0.0180000
     456     484    18.0000180
     457     457    12.0000120
     457     458    -0.0120000
     457     481     2.0000020
     457     482    -0.0020000
     457     483    10.0000100
     457     484    -0.0100000
     458     458    12.0000120
     458     481    -0.0020000
     458     482     2.0000020
     458     483    -0.0100000
     458     484    10.0000100
     459     459     6.0000060
     459     460    -0.0060000
     459     483     6.0000060
     459     484    -0.0060000
     460     460     6.0000060
     460     483    -0.0060000
     460     484     6.0000060
     461     461    10.0000100
     461     462    -0.0100000
     461     483    10.0000100
     461     484    -0.0100000
     462     462    10.0000100
     462     483    -0.0100000
     462     484    10.0000100
     463     463     8.0000080
     463     464    -0.0080000
     463     483     8.0000080
     463     484    -0.0080000
     464     464     8.0000080
     464     483    -0.0080000
     464     484     8.0000080
     465     465    10.0000100
     465     466    -0.0100000
     465     483    10.0000100
     465     484    -0.0100000
     466     466    10.0000100
     466     483    -0.0100000
     466     484    10.0000100
     467     467    14.0000140
     467     468    -0.0140000
     467     483    14.0000140
     467     484    -0.0140000
     468     468    14.0000140
     468     483    -0.0140000
     468     484    14.0000140
     469     469    14.0000140
     469     470    -0.0140000
     469     483     8.0000080
     469     484    -0.0080000
     470     470    14.0000140
     470     483    -0.0080000
     470     484     8.0000080
     471     471     8.0000080
     471     472    -0.0080000
     471     483     8.0000080
     471     484    -0.0080000
     472     472     8.0000080
     472     483    -0.0080000
     472     484     8.0000080
     473     473     4.0000040
     473     474    -0.0040000
     473     483     4.0000040
     473     484    -0.0040000
     474     474     4.0000040
     474     483    -0.0040000
     474     484     4.0000040
     475     475     6.0000060
     475     476    -0.0060000
     475     483     6.0000060
     475     484    -0.0060000
     476     476     6.0000060
     476     483    -0.0060000
     476     484     6.0000060
     477     477     2.0000020
     477     478    -0.0020000
     477     483     2.0000020
     477     484    -0.0020000
     478     478     2.0000020
     478     483    -0.0020000
     478     484     2.0000020
     479     479     1.0000000
     480     480     1.0000000
     481     481     6.0000060
     481     482    -0.0060000
     482     482     6.0000060
     483     483   364.0003640
     483     484    -0.3640004
     484     484   364.0003640
     485     485     1.0000000
     486     486     1.0000000
