 cycleslip 21-30 0.1069
 outlier   21    0.5
 outlier   22   -0.3
 270821310.000  23156854.341     1    16        -0.024     0        -0.001
 270821320.000  23099255.564     1    17        -0.007     0        -0.008
 270821330.000  23042282.528     1    18         0.019     0        -0.003
 270821340.000  22985949.498     1    19        -0.026     0         0.003
 270821350.000  22930270.693     1    20        -0.013     0        -0.006
 270821360.000  22875260.312     1    21         0.532     2         0.491
 270821370.000  22820932.483     1    22        -2.858     2        -0.308
 270821380.000  22767301.265     1    23         6.618     2         0.095
 270821390.000  22714380.673     1    24        -8.419     2         0.088
 270821400.000  22662184.649     1    25         6.132     2         0.088
 270821410.000  22610727.048     1    26        -2.455     2         0.088
 270821420.000  22560021.652     1    27         0.426     2         0.082
 270821430.000  22510082.152     1    28        -0.020     0         0.000
 270821440.000  22460922.144     1    29        -0.001     0         0.000
 270821450.000  22412555.115     1    30        -0.017     0         0.000
 270821460.000  22364994.447     1    31        -0.105     0         0.000
 270821470.000  22318253.397     1    32         0.419     0         0.000

