 cycleslip 21-30 0.1069
 270821300.000  23215064.559     1    15         0.061     0         0.000
 270821310.000  23156854.341     1    16        -0.024     0         0.001
 270821320.000  23099255.564     1    17        -0.007     0        -0.007
 270821330.000  23042282.528     1    18         0.019     0         0.000
 270821340.000  22985949.498     1    19        -0.026     0         0.005
 270821350.000  22930270.693     1    20        -0.013     0        -0.006
 270821360.000  22875260.312     1    21         0.142     2         0.098
 270821370.000  22820932.483     1    22        -0.497     2         0.098
 270821380.000  22767301.265     1    23         0.666     2         0.095
 270821390.000  22714380.673     1    24        -0.419     2         0.097
 270821400.000  22662184.649     1    25         0.084     2         0.094
 270821410.000  22610727.048     1    26        -0.017     0        -0.000
 270821420.000  22560021.652     1    27         0.017     0        -0.007
 270821430.000  22510082.152     1    28        -0.020     0        -0.002
 270821440.000  22460922.144     1    29        -0.001     0         0.001
 270821450.000  22412555.115     1    30        -0.017     0        -0.003
